     235589
      28527
       9977
      19463
      25887
        546
       2219
         88
      44118
       2360
      92123
        236
        177
          4
        891
       2333
        683
          0
      10761
      10761
         27
          0
          0
          0
        466
          0
          0
          0
          0
          0
          0
          0
       1144
         47
          0
        272
       6468
       1124
         12
       5907
         37
          6
