     398544
      31142
       9977
      22010
      30580
        653
       2547
         88
      49524
       2699
     104343
        357
        177
          4
       1017
       2617
       1043
          0
      10761
      10761
         27
          0
          0
          0
        466
          0
          0
          0
          0
          0
          0
          0
       1144
         47
          0
        272
       6468
       1124
         12
       6254
         37
          6
