     415283
      31340
       9977
      22181
      31380
        658
       2579
         88
      49850
       2727
     105258
        369
        177
          4
       1025
       2641
       1074
          0
      10761
      10761
         27
          0
          0
          0
        466
          0
          0
          0
          0
          0
          0
          0
       1144
         47
          0
        272
       6468
       1124
         12
       6254
         37
          6
