     351639
      30492
       9977
      21398
      29665
        636
       2462
         88
      48357
       2609
     101379
        323
        177
          4
        986
       2547
        953
          0
      10761
      10761
         27
          0
          0
          0
        466
          0
          0
          0
          0
          0
          0
          0
       1144
         47
          0
        272
       6468
       1124
         12
       6254
         37
          6
