     261546
      29086
       9977
      20002
      27089
        560
       2284
         88
      45546
       2424
      94362
        257
        177
          4
        912
       2389
        756
          0
      10761
      10761
         27
          0
          0
          0
        466
          0
          0
          0
          0
          0
          0
          0
       1144
         47
          0
        272
       6468
       1124
         12
       6252
         37
          6
