     334555
      30234
       9977
      21131
      28954
        628
       2435
         88
      47513
       2580
     100119
        313
        177
          4
        972
       2522
        920
          0
      10761
      10761
         27
          0
          0
          0
        466
          0
          0
          0
          0
          0
          0
          0
       1144
         47
          0
        272
       6468
       1124
         12
       6254
         37
          6
