     325900
      30103
       9977
      21019
      28700
        615
       2416
         88
      47201
       2565
      99376
        307
        177
          4
        963
       2506
        902
          0
      10761
      10761
         27
          0
          0
          0
        466
          0
          0
          0
          0
          0
          0
          0
       1144
         47
          0
        272
       6468
       1124
         12
       6254
         37
          6
