     389421
      30981
       9977
      21869
      30374
        651
       2526
         88
      49262
       2674
     103557
        348
        177
          4
       1007
       2598
       1028
          0
      10761
      10761
         27
          0
          0
          0
        466
          0
          0
          0
          0
          0
          0
          0
       1144
         47
          0
        272
       6468
       1124
         12
       6254
         37
          6
