     394284
      31081
       9977
      21961
      30481
        652
       2541
         88
      49404
       2688
     104039
        352
        177
          4
       1015
       2609
       1036
          0
      10761
      10761
         27
          0
          0
          0
        466
          0
          0
          0
          0
          0
          0
          0
       1144
         47
          0
        272
       6468
       1124
         12
       6254
         37
          6
