     209164
      27821
       9977
      18858
      24950
        529
       2153
         88
      42849
       2294
      89324
        217
        177
          4
        863
       2270
        604
          0
      10761
      10761
         27
          0
          0
          0
        466
          0
          0
          0
          0
          0
          0
          0
       1144
         47
          0
        272
       6468
       1124
         12
       5898
         37
          6
