     445271
      31755
       9977
      22520
      31752
        660
       2627
         88
      50443
       2775
     107129
        383
        177
          4
       1046
       2681
       1123
          0
      10761
      10761
         27
          0
          0
          0
        466
          0
          0
          0
          0
          0
          0
          0
       1144
         47
          0
        272
       6468
       1124
         12
       6254
         37
          6
