     436991
      31666
       9977
      22454
      31665
        659
       2617
         88
      50298
       2763
     106761
        380
        177
          4
       1043
       2674
       1111
          0
      10761
      10761
         27
          0
          0
          0
        466
          0
          0
          0
          0
          0
          0
          0
       1144
         47
          0
        272
       6468
       1124
         12
       6254
         37
          6
