     432763
      31606
       9977
      22398
      31618
        659
       2610
         88
      50217
       2756
     106489
        378
        177
          4
       1041
       2669
       1105
          0
      10761
      10761
         27
          0
          0
          0
        466
          0
          0
          0
          0
          0
          0
          0
       1144
         47
          0
        272
       6468
       1124
         12
       6254
         37
          6
