     347437
      30432
       9977
      21335
      29623
        636
       2452
         88
      48289
       2601
     101133
        322
        177
          4
        985
       2545
        945
          0
      10761
      10761
         27
          0
          0
          0
        466
          0
          0
          0
          0
          0
          0
          0
       1144
         47
          0
        272
       6468
       1124
         12
       6254
         37
          6
