     278670
      29370
       9977
      20292
      27462
        570
       2322
         88
      46008
       2464
      95662
        272
        177
          4
        925
       2421
        796
          0
      10761
      10761
         27
          0
          0
          0
        466
          0
          0
          0
          0
          0
          0
          0
       1144
         47
          0
        272
       6468
       1124
         12
       6254
         37
          6
