     218022
      28086
       9977
      19081
      25280
        533
       2177
         88
      43264
       2318
      90318
        225
        177
          4
        873
       2295
        632
          0
      10761
      10761
         27
          0
          0
          0
        466
          0
          0
          0
          0
          0
          0
          0
       1144
         47
          0
        272
       6468
       1124
         12
       5898
         37
          6
