     419470
      31389
       9977
      22210
      31418
        658
       2584
         88
      49913
       2729
     105489
        370
        177
          4
       1026
       2644
       1081
          0
      10761
      10761
         27
          0
          0
          0
        466
          0
          0
          0
          0
          0
          0
          0
       1144
         47
          0
        272
       6468
       1124
         12
       6254
         37
          6
