     423615
      31437
       9977
      22260
      31448
        658
       2586
         88
      49978
       2738
     105678
        371
        177
          4
       1030
       2649
       1088
          0
      10761
      10761
         27
          0
          0
          0
        466
          0
          0
          0
          0
          0
          0
          0
       1144
         47
          0
        272
       6468
       1124
         12
       6254
         37
          6
