     270094
      29234
       9977
      20151
      27300
        565
       2301
         88
      45808
       2446
      94998
        266
        177
          4
        918
       2406
        776
          0
      10761
      10761
         27
          0
          0
          0
        466
          0
          0
          0
          0
          0
          0
          0
       1144
         47
          0
        272
       6468
       1124
         12
       6253
         37
          6
