     372663
      30796
       9977
      21684
      30082
        646
       2496
         88
      48944
       2643
     102623
        340
        177
          4
        992
       2573
        994
          0
      10761
      10761
         27
          0
          0
          0
        466
          0
          0
          0
          0
          0
          0
          0
       1144
         47
          0
        272
       6468
       1124
         12
       6254
         37
          6
