     424095
      31459
       9977
      22268
      31460
        658
       2588
         88
      50007
       2740
     105733
        372
        177
          4
       1031
       2651
       1091
          0
      10761
      10761
         27
          0
          0
          0
        466
          0
          0
          0
          0
          0
          0
          0
       1144
         47
          0
        272
       6468
       1124
         12
       6254
         37
          6
