     213611
      27959
       9977
      18979
      25120
        531
       2168
         88
      43046
       2305
      89843
        220
        177
          4
        867
       2284
        618
          0
      10761
      10761
         27
          0
          0
          0
        466
          0
          0
          0
          0
          0
          0
          0
       1144
         47
          0
        272
       6468
       1124
         12
       5898
         37
          6
