     244278
      28745
       9977
      19652
      26131
        551
       2242
         88
      44438
       2386
      92918
        241
        177
          4
        897
       2354
        710
          0
      10761
      10761
         27
          0
          0
          0
        466
          0
          0
          0
          0
          0
          0
          0
       1144
         47
          0
        272
       6468
       1124
         12
       5938
         37
          6
