     389889
      30998
       9977
      21877
      30381
        651
       2527
         88
      49279
       2676
     103600
        349
        177
          4
       1008
       2600
       1029
          0
      10761
      10761
         27
          0
          0
          0
        466
          0
          0
          0
          0
          0
          0
          0
       1144
         47
          0
        272
       6468
       1124
         12
       6254
         37
          6
