     364323
      30704
       9977
      21584
      29979
        642
       2478
         88
      48801
       2631
     102195
        335
        177
          4
        990
       2565
        977
          0
      10761
      10761
         27
          0
          0
          0
        466
          0
          0
          0
          0
          0
          0
          0
       1144
         47
          0
        272
       6468
       1124
         12
       6254
         37
          6
