     248613
      28844
       9977
      19757
      26667
        553
       2255
         88
      45052
       2399
      93297
        246
        177
          4
        901
       2364
        723
          0
      10761
      10761
         27
          0
          0
          0
        466
          0
          0
          0
          0
          0
          0
          0
       1144
         47
          0
        272
       6468
       1124
         12
       5938
         37
          6
