     330257
      30170
       9977
      21079
      28900
        625
       2426
         88
      47428
       2573
      99777
        311
        177
          4
        967
       2515
        911
          0
      10761
      10761
         27
          0
          0
          0
        466
          0
          0
          0
          0
          0
          0
          0
       1144
         47
          0
        272
       6468
       1124
         12
       6254
         37
          6
