     368480
      30751
       9977
      21635
      30017
        643
       2485
         88
      48863
       2636
     102396
        337
        177
          4
        990
       2568
        985
          0
      10761
      10761
         27
          0
          0
          0
        466
          0
          0
          0
          0
          0
          0
          0
       1144
         47
          0
        272
       6468
       1124
         12
       6254
         37
          6
