     304420
      29788
       9977
      20671
      28269
        588
       2374
         88
      46658
       2525
      97676
        290
        177
          4
        941
       2459
        855
          0
      10761
      10761
         27
          0
          0
          0
        466
          0
          0
          0
          0
          0
          0
          0
       1144
         47
          0
        272
       6468
       1124
         12
       6254
         37
          6
