     317366
      29986
       9977
      20908
      28544
        604
       2404
         88
      47009
       2549
      98754
        300
        177
          4
        953
       2487
        884
          0
      10761
      10761
         27
          0
          0
          0
        466
          0
          0
          0
          0
          0
          0
          0
       1144
         47
          0
        272
       6468
       1124
         12
       6254
         37
          6
