     295875
      29658
       9977
      20548
      28064
        583
       2354
         88
      46441
       2502
      97043
        283
        177
          4
        937
       2447
        836
          0
      10761
      10761
         27
          0
          0
          0
        466
          0
          0
          0
          0
          0
          0
          0
       1144
         47
          0
        272
       6468
       1124
         12
       6254
         37
          6
