     406937
      31245
       9977
      22105
      31272
        654
       2565
         88
      49703
       2713
     104824
        363
        177
          4
       1021
       2631
       1059
          0
      10761
      10761
         27
          0
          0
          0
        466
          0
          0
          0
          0
          0
          0
          0
       1144
         47
          0
        272
       6468
       1124
         12
       6254
         37
          6
