     449406
      31791
       9977
      22555
      32421
        662
       2632
         88
      51126
       2781
     107308
        384
        177
          4
       1050
       2686
       1129
          0
      10761
      10761
         27
          0
          0
          0
        466
          0
          0
          0
          0
          0
          0
          0
       1144
         47
          0
        272
       6468
       1124
         12
       6254
         37
          6
