     274371
      29305
       9977
      20227
      27374
        567
       2312
         88
      45910
       2453
      95319
        270
        177
          4
        922
       2415
        786
          0
      10761
      10761
         27
          0
          0
          0
        466
          0
          0
          0
          0
          0
          0
          0
       1144
         47
          0
        272
       6468
       1124
         12
       6254
         37
          6
