     360102
      30637
       9977
      21525
      29866
        640
       2471
         88
      48623
       2623
     101930
        330
        177
          4
        987
       2557
        969
          0
      10761
      10761
         27
          0
          0
          0
        466
          0
          0
          0
          0
          0
          0
          0
       1144
         47
          0
        272
       6468
       1124
         12
       6254
         37
          6
