     376840
      30839
       9977
      21726
      30148
        649
       2506
         88
      49010
       2652
     102844
        343
        177
          4
        995
       2579
       1003
          0
      10761
      10761
         27
          0
          0
          0
        466
          0
          0
          0
          0
          0
          0
          0
       1144
         47
          0
        272
       6468
       1124
         12
       6254
         37
          6
