     257280
      29014
       9977
      19917
      26998
        557
       2275
         88
      45449
       2414
      94052
        254
        177
          4
        909
       2383
        746
          0
      10761
      10761
         27
          0
          0
          0
        466
          0
          0
          0
          0
          0
          0
          0
       1144
         47
          0
        272
       6468
       1124
         12
       6003
         37
          6
