     308758
      29863
       9977
      20750
      28356
        593
       2384
         88
      46772
       2534
      98058
        294
        177
          4
        948
       2473
        865
          0
      10761
      10761
         27
          0
          0
          0
        466
          0
          0
          0
          0
          0
          0
          0
       1144
         47
          0
        272
       6468
       1124
         12
       6254
         37
          6
