     287310
      29515
       9977
      20425
      27899
        577
       2335
         88
      46246
       2484
      96390
        281
        177
          4
        933
       2440
        816
          0
      10761
      10761
         27
          0
          0
          0
        466
          0
          0
          0
          0
          0
          0
          0
       1144
         47
          0
        272
       6468
       1124
         12
       6254
         37
          6
