     239928
      28633
       9977
      19544
      26011
        548
       2229
         88
      44277
       2372
      92517
        238
        177
          4
        893
       2339
        696
          0
      10761
      10761
         27
          0
          0
          0
        466
          0
          0
          0
          0
          0
          0
          0
       1144
         47
          0
        272
       6468
       1124
         12
       5907
         37
          6
