     402770
      31195
       9977
      22056
      31210
        653
       2560
         88
      49604
       2706
     104613
        360
        177
          4
       1019
       2624
       1051
          0
      10761
      10761
         27
          0
          0
          0
        466
          0
          0
          0
          0
          0
          0
          0
       1144
         47
          0
        272
       6468
       1124
         12
       6254
         37
          6
