     300149
      29725
       9977
      20609
      28152
        585
       2367
         88
      46540
       2514
      97361
        287
        177
          4
        940
       2454
        845
          0
      10761
      10761
         27
          0
          0
          0
        466
          0
          0
          0
          0
          0
          0
          0
       1144
         47
          0
        272
       6468
       1124
         12
       6254
         37
          6
