     283051
      29452
       9977
      20366
      27594
        575
       2329
         88
      46157
       2479
      96087
        280
        177
          4
        932
       2438
        806
          0
      10761
      10761
         27
          0
          0
          0
        466
          0
          0
          0
          0
          0
          0
          0
       1144
         47
          0
        272
       6468
       1124
         12
       6254
         37
          6
