     222486
      28207
       9977
      19178
      25414
        539
       2193
         88
      43463
       2330
      90845
        230
        177
          4
        880
       2311
        645
          0
      10761
      10761
         27
          0
          0
          0
        466
          0
          0
          0
          0
          0
          0
          0
       1144
         47
          0
        272
       6468
       1124
         12
       5898
         37
          6
