     453544
      31836
       9977
      22588
      32473
        664
       2638
         88
      51197
       2788
     107490
        386
        177
          4
       1052
       2690
       1135
          0
      10761
      10761
         27
          0
          0
          0
        466
          0
          0
          0
          0
          0
          0
          0
       1144
         47
          0
        272
       6468
       1124
         12
       6254
         37
          6
