     428502
      31548
       9977
      22348
      31561
        659
       2604
         88
      50133
       2751
     106184
        376
        177
          4
       1036
       2661
       1098
          0
      10761
      10761
         27
          0
          0
          0
        466
          0
          0
          0
          0
          0
          0
          0
       1144
         47
          0
        272
       6468
       1124
         12
       6254
         37
          6
