     291601
      29590
       9977
      20483
      27982
        577
       2349
         88
      46344
       2492
      96725
        281
        177
          4
        935
       2442
        826
          0
      10761
      10761
         27
          0
          0
          0
        466
          0
          0
          0
          0
          0
          0
          0
       1144
         47
          0
        272
       6468
       1124
         12
       6254
         37
          6
