     109732
      24412
       9977
      15685
      19070
        455
       1823
         88
      35323
       1958
      77288
        118
        177
          4
        746
       2005
        237
          0
          0
          0
          0
          0
          0
          0
        466
          0
          0
          0
          0
          0
          0
          0
       1144
          0
          0
        272
       6468
       1124
         12
       5893
          0
          6
