     252985
      28938
       9977
      19831
      26915
        556
       2266
         88
      45356
       2410
      93713
        251
        177
          4
        907
       2378
        735
          0
      10761
      10761
         27
          0
          0
          0
        466
          0
          0
          0
          0
          0
          0
          0
       1144
         47
          0
        272
       6468
       1124
         12
       5976
         37
          6
