     105590
      24205
       9977
      15500
      17597
        453
       1804
         88
      33712
       1932
      76574
        108
        177
          4
        736
       1984
        218
          0
          0
          0
          0
          0
          0
          0
        466
          0
          0
          0
          0
          0
          0
          0
       1144
          0
          0
        272
       6468
       1124
         12
       5893
          0
          6
