     313124
      29933
       9977
      20854
      28436
        601
       2395
         88
      46881
       2541
      98468
        297
        177
          4
        951
       2482
        875
          0
      10761
      10761
         27
          0
          0
          0
        466
          0
          0
          0
          0
          0
          0
          0
       1144
         47
          0
        272
       6468
       1124
         12
       6254
         37
          6
