     231269
      28427
       9977
      19380
      25662
        543
       2212
         88
      43809
       2355
      91748
        235
        177
          4
        891
       2332
        671
          0
      10761
      10761
         27
          0
          0
          0
        466
          0
          0
          0
          0
          0
          0
          0
       1144
         47
          0
        272
       6468
       1124
         12
       5898
         37
          6
