     204827
      27703
       9977
      18769
      24808
        526
       2140
         88
      42648
       2281
      88909
        211
        177
          4
        860
       2257
        590
          0
      10761
      10761
         27
          0
          0
          0
        466
          0
          0
          0
          0
          0
          0
          0
       1144
         47
          0
        272
       6468
       1124
         12
       5898
         37
          6
