     200368
      27581
       9977
      18665
      24638
        522
       2124
         88
      42440
       2267
      88372
        206
        177
          4
        852
       2243
        577
          0
      10761
      10761
         27
          0
          0
          0
        466
          0
          0
          0
          0
          0
          0
          0
       1144
         47
          0
        272
       6468
       1124
         12
       5898
         37
          6
