     355908
      30570
       9977
      21471
      29760
        639
       2466
         88
      48472
       2617
     101692
        326
        177
          4
        986
       2551
        961
          0
      10761
      10761
         27
          0
          0
          0
        466
          0
          0
          0
          0
          0
          0
          0
       1144
         47
          0
        272
       6468
       1124
         12
       6254
         37
          6
