     321625
      30041
       9977
      20955
      28625
        607
       2410
         88
      47090
       2559
      99057
        304
        177
          4
        957
       2497
        893
          0
      10761
      10761
         27
          0
          0
          0
        466
          0
          0
          0
          0
          0
          0
          0
       1144
         47
          0
        272
       6468
       1124
         12
       6254
         37
          6
