     226920
      28330
       9977
      19296
      25518
        540
       2206
         88
      43636
       2338
      91342
        231
        177
          4
        884
       2320
        658
          0
      10761
      10761
         27
          0
          0
          0
        466
          0
          0
          0
          0
          0
          0
          0
       1144
         47
          0
        272
       6468
       1124
         12
       5898
         37
          6
