     338875
      30299
       9977
      21181
      29037
        631
       2442
         88
      47621
       2590
     100483
        315
        177
          4
        980
       2532
        929
          0
      10761
      10761
         27
          0
          0
          0
        466
          0
          0
          0
          0
          0
          0
          0
       1144
         47
          0
        272
       6468
       1124
         12
       6254
         37
          6
