     411120
      31296
       9977
      22151
      31326
        655
       2570
         88
      49776
       2718
     105051
        365
        177
          4
       1023
       2635
       1066
          0
      10761
      10761
         27
          0
          0
          0
        466
          0
          0
          0
          0
          0
          0
          0
       1144
         47
          0
        272
       6468
       1124
         12
       6254
         37
          6
