     343234
      30368
       9977
      21270
      29115
        634
       2446
         88
      47712
       2596
     100886
        319
        177
          4
        984
       2541
        937
          0
      10761
      10761
         27
          0
          0
          0
        466
          0
          0
          0
          0
          0
          0
          0
       1144
         47
          0
        272
       6468
       1124
         12
       6254
         37
          6
