     385296
      30937
       9977
      21825
      30310
        650
       2520
         88
      49184
       2667
     103388
        346
        177
          4
       1005
       2592
       1020
          0
      10761
      10761
         27
          0
          0
          0
        466
          0
          0
          0
          0
          0
          0
          0
       1144
         47
          0
        272
       6468
       1124
         12
       6254
         37
          6
