     380997
      30881
       9977
      21767
      30216
        649
       2511
         88
      49086
       2659
     103045
        345
        177
          4
       1000
       2586
       1012
          0
      10761
      10761
         27
          0
          0
          0
        466
          0
          0
          0
          0
          0
          0
          0
       1144
         47
          0
        272
       6468
       1124
         12
       6254
         37
          6
