     441108
      31702
       9977
      22488
      31703
        660
       2619
         88
      50356
       2766
     106922
        382
        177
          4
       1044
       2677
       1117
          0
      10761
      10761
         27
          0
          0
          0
        466
          0
          0
          0
          0
          0
          0
          0
       1144
         47
          0
        272
       6468
       1124
         12
       6254
         37
          6
