     265759
      29152
       9977
      20070
      27172
        562
       2292
         88
      45659
       2434
      94619
        259
        177
          4
        915
       2394
        766
          0
      10761
      10761
         27
          0
          0
          0
        466
          0
          0
          0
          0
          0
          0
          0
       1144
         47
          0
        272
       6468
       1124
         12
       6253
         37
          6
